              precision    recall  f1-score   support

           0     0.7994    0.9987    0.8880       750
           1     1.0000    0.9960    0.9980       750
           2     0.9987    1.0000    0.9993       750
           3     0.9982    0.7493    0.8561       750
           4     0.9960    0.9987    0.9973       750
           5     0.9987    1.0000    0.9993       750
           6     0.9987    0.9973    0.9980       750

    accuracy                         0.9629      5250
   macro avg     0.9699    0.9629    0.9623      5250
weighted avg     0.9699    0.9629    0.9623      5250
